Time Step	At Home	Food C.	Health C.	Terminal C.
1             1764             0             736             0  
2             1515             0             985             0  
3             1444             0             1056             0  
4             1420             0             1080             0  
5             1414             0             1086             0  
6             1411             0             1089             0  
7             1411             0             1089             0  
8             1410             0             1090             0  
9             1410             0             1090             0  
10             1410             0             1090             0  
11             1410             0             1090             0  
12             1410             0             1090             0  
13             1410             0             1090             0  
14             1410             0             1090             0  
15             1410             0             1090             0  
16             1410             0             1090             0  
17             1410             0             1090             0  
18             1410             0             1090             0  
19             1410             0             1090             0  
20             1410             0             1090             0  
21             1410             0             1090             0  
22             1410             0             1090             0  
23             1410             0             1090             0  
24             1410             0             1090             0  
25             1410             0             1090             0  
26             1410             0             1090             0  
27             1410             0             1090             0  
28             1410             0             1090             0  
29             1410             0             1090             0  
30             1410             0             1090             0  
31             1410             0             1090             0  
32             1410             0             1090             0  
33             1410             0             1090             0  
34             1410             0             1090             0  
35             1410             0             1090             0  
36             1410             0             1090             0  
37             1410             0             1090             0  
38             1410             0             1090             0  
39             1410             0             1090             0  
40             1410             0             1090             0  
41             1410             0             1090             0  
42             1410             0             1090             0  
43             1410             0             1090             0  
44             1410             0             1090             0  
45             1410             0             1090             0  
46             1410             0             1090             0  
47             1410             0             1090             0  
48             1410             0             1090             0  
49             1410             0             1090             0  
50             1410             0             1090             0  
51             1410             0             1090             0  
52             1410             0             1090             0  
53             1410             0             1090             0  
54             1410             0             1090             0  
55             1410             0             1090             0  
56             1410             0             1090             0  
57             1410             0             1090             0  
58             1410             0             1090             0  
59             1410             0             1090             0  
60             1410             0             1090             0  
61             1410             0             1090             0  
62             1410             0             1090             0  
63             1410             0             1090             0  
64             1410             0             1090             0  
65             1410             0             1090             0  
66             1410             0             1090             0  
67             1410             0             1090             0  
68             1410             0             1090             0  
69             1410             0             1090             0  
70             1410             0             1090             0  
71             1410             0             1090             0  
72             1410             0             1090             0  
73             1410             0             1090             0  
74             1410             0             1090             0  
75             1410             0             1090             0  
76             1410             0             1090             0  
77             1410             0             1090             0  
78             1410             0             1090             0  
79             1410             0             1090             0  
80             1410             0             1090             0  
81             1410             0             1090             0  
82             1410             0             1090             0  
83             1410             0             1090             0  
84             1410             0             1090             0  
85             1410             0             1090             0  
86             1410             0             1090             0  
87             1410             0             1090             0  
88             1410             0             1090             0  
89             1410             0             1090             0  
90             1410             0             1090             0  
91             1410             0             1090             0  
92             1410             0             1090             0  
93             1410             0             1090             0  
94             1410             0             1090             0  
95             1410             0             1090             0  
96             1410             0             1090             0  
97             1410             0             1090             0  
98             1410             0             1090             0  
99             1410             0             1090             0  
100             1410             0             1090             0  
101             1410             0             1090             0  
102             1410             0             1090             0  
103             1410             0             1090             0  
104             1410             0             1090             0  
105             1410             0             1090             0  
106             1410             0             1090             0  
107             1410             0             1090             0  
108             1410             0             1090             0  
109             1410             0             1090             0  
110             1410             0             1090             0  
111             1410             0             1090             0  
112             1410             0             1090             0  
113             1410             0             1090             0  
114             1410             0             1090             0  
115             1410             0             1090             0  
116             1410             0             1090             0  
117             1410             0             1090             0  
118             1410             0             1090             0  
119             1410             0             1090             0  
120             1410             0             1090             0  
121             1410             0             1090             0  
122             1410             0             1090             0  
123             1410             0             1090             0  
124             1410             0             1090             0  
125             1410             0             1090             0  
126             1410             0             1090             0  
127             1410             0             1090             0  
128             1410             0             1090             0  
129             1410             0             1090             0  
130             1410             0             1090             0  
131             1410             0             1090             0  
132             1410             0             1090             0  
133             1410             0             1090             0  
134             1410             0             1090             0  
135             1410             0             1090             0  
136             1410             0             1090             0  
137             1410             0             1090             0  
138             1410             0             1090             0  
139             1410             0             1090             0  
140             1410             0             1090             0  
141             1410             0             1090             0  
142             1410             0             1090             0  
143             1410             0             1090             0  
144             1410             0             1090             0  
145             1410             0             1090             0  
146             1410             0             1090             0  
147             1410             0             1090             0  
148             1410             0             1090             0  
149             1410             0             1090             0  
150             1410             0             1090             0  
151             1410             0             1090             0  
152             1410             0             1090             0  
153             1410             0             1090             0  
154             1410             0             1090             0  
155             1410             0             1090             0  
156             1410             0             1090             0  
157             1410             0             1090             0  
158             1410             0             1090             0  
159             1410             0             1090             0  
160             1410             0             1090             0  
161             1410             0             1090             0  
162             1410             0             1090             0  
163             1410             0             1090             0  
164             1410             0             1090             0  
165             1410             0             1090             0  
166             1410             0             1090             0  
167             1410             0             1090             0  
168             1410             0             1090             0  
169             1410             0             1090             0  
170             1410             0             1090             0  
171             1410             0             1090             0  
172             1410             0             1090             0  
173             1410             0             1090             0  
174             1410             0             1090             0  
175             1410             0             1090             0  
176             1410             0             1090             0  
177             1410             0             1090             0  
178             1410             0             1090             0  
179             1410             0             1090             0  
180             1410             0             1090             0  
181             1410             0             1090             0  
182             1410             0             1090             0  
183             1410             0             1090             0  
184             1410             0             1090             0  
185             1410             0             1090             0  
186             1410             0             1090             0  
187             1410             0             1090             0  
188             1410             0             1090             0  
189             1410             0             1090             0  
190             1410             0             1090             0  
191             1410             0             1090             0  
192             1410             0             1090             0  
193             1410             0             1090             0  
194             1410             0             1090             0  
195             1410             0             1090             0  
196             1410             0             1090             0  
197             1410             0             1090             0  
198             1410             0             1090             0  
199             1410             0             1090             0  
200             1410             0             1090             0  
201             1410             0             1090             0  
202             1410             0             1090             0  
203             1410             0             1090             0  
204             1410             0             1090             0  
205             1410             0             1090             0  
206             1410             0             1090             0  
207             1410             0             1090             0  
208             1410             0             1090             0  
209             1410             0             1090             0  
210             1410             0             1090             0  
211             1410             0             1090             0  
212             1410             0             1090             0  
213             1410             0             1090             0  
214             1410             0             1090             0  
215             1410             0             1090             0  
216             1410             0             1090             0  
217             1410             0             1090             0  
218             1410             0             1090             0  
219             1410             0             1090             0  
220             1410             0             1090             0  
221             1410             0             1090             0  
222             1410             0             1090             0  
223             1410             0             1090             0  
224             1410             0             1090             0  
225             1410             0             1090             0  
226             1410             0             1090             0  
227             1410             0             1090             0  
228             1410             0             1090             0  
229             1410             0             1090             0  
230             1410             0             1090             0  
231             1410             0             1090             0  
232             1410             0             1090             0  
233             1410             0             1090             0  
234             1410             0             1090             0  
235             1410             0             1090             0  
236             1410             0             1090             0  
237             1410             0             1090             0  
238             1410             0             1090             0  
239             1410             0             1090             0  
240             1410             0             1090             0  
241             1410             0             1090             0  
242             1410             0             1090             0  
243             1410             0             1090             0  
244             1410             0             1090             0  
245             1410             0             1090             0  
246             1410             0             1090             0  
247             1410             0             1090             0  
248             1410             0             1090             0  
249             1410             0             1090             0  
250             1410             0             1090             0  
251             1410             0             1090             0  
252             1410             0             1090             0  
253             1410             0             1090             0  
254             1410             0             1090             0  
255             1410             0             1090             0  
256             1410             0             1090             0  
257             1410             0             1090             0  
258             1410             0             1090             0  
259             1410             0             1090             0  
260             1410             0             1090             0  
261             1410             0             1090             0  
262             1410             0             1090             0  
263             1410             0             1090             0  
264             1410             0             1090             0  
265             1410             0             1090             0  
266             1410             0             1090             0  
267             1410             0             1090             0  
268             1410             0             1090             0  
269             1410             0             1090             0  
270             1410             0             1090             0  
271             1410             0             1090             0  
272             1410             0             1090             0  
273             1410             0             1090             0  
274             1410             0             1090             0  
275             1410             0             1090             0  
276             1410             0             1090             0  
277             1410             0             1090             0  
278             1410             0             1090             0  
279             1410             0             1090             0  
280             1410             0             1090             0  
281             1410             0             1090             0  
282             1410             0             1090             0  
283             1410             0             1090             0  
284             1410             0             1090             0  
285             1410             0             1090             0  
286             1410             0             1090             0  
287             1410             0             1090             0  
288             1410             0             1090             0  
289             1410             0             1090             0  
290             1410             0             1090             0  
291             1410             0             1090             0  
292             1410             0             1090             0  
293             1410             0             1090             0  
294             1410             0             1090             0  
295             1410             0             1090             0  
296             1410             0             1090             0  
297             1410             0             1090             0  
298             1410             0             1090             0  
299             1410             0             1090             0  
300             1410             0             1090             0  
301             1410             0             1090             0  
302             1410             0             1090             0  
303             1410             0             1090             0  
304             1410             0             1090             0  
305             1410             0             1090             0  
306             1410             0             1090             0  
307             1410             0             1090             0  
308             1410             0             1090             0  
309             1410             0             1090             0  
310             1410             0             1090             0  
311             1410             0             1090             0  
312             1410             0             1090             0  
313             1410             0             1090             0  
314             1410             0             1090             0  
315             1410             0             1090             0  
316             1410             0             1090             0  
317             1410             0             1090             0  
318             1410             0             1090             0  
319             1410             0             1090             0  
320             1410             0             1090             0  
321             1410             0             1090             0  
322             1410             0             1090             0  
323             1410             0             1090             0  
324             1410             0             1090             0  
325             1410             0             1090             0  
326             1410             0             1090             0  
327             1410             0             1090             0  
328             1410             0             1090             0  
329             1410             0             1090             0  
330             1410             0             1090             0  
331             1410             0             1090             0  
332             1410             0             1090             0  
333             1410             0             1090             0  
334             1410             0             1090             0  
335             1410             0             1090             0  
336             1410             0             1090             0  
337             1410             0             1090             0  
338             1410             0             1090             0  
339             1410             0             1090             0  
340             1410             0             1090             0  
341             1410             0             1090             0  
342             1410             0             1090             0  
343             1410             0             1090             0  
344             1410             0             1090             0  
345             1410             0             1090             0  
346             1410             0             1090             0  
347             1410             0             1090             0  
348             1410             0             1090             0  
349             1410             0             1090             0  
350             1410             0             1090             0  
351             1410             0             1090             0  
352             1410             0             1090             0  
353             1410             0             1090             0  
354             1410             0             1090             0  
355             1410             0             1090             0  
356             1410             0             1090             0  
357             1410             0             1090             0  
358             1410             0             1090             0  
359             1410             0             1090             0  
360             1410             0             1090             0  
361             1405             5             1090             0  
362             1400             10             1090             0  
363             1382             26             1092             0  
364             1361             46             1093             0  
365             1345             61             1094             0  
366             1313             89             1098             0  
367             1284             114             1101             1  
368             1247             144             1108             1  
369             1210             179             1110             1  
370             1164             223             1112             1  
371             1128             258             1113             1  
372             1077             302             1118             3  
373             1020             356             1121             3  
374             971             403             1123             3  
375             925             447             1125             3  
376             865             503             1129             3  
377             805             558             1134             3  
378             762             599             1136             3  
379             703             653             1141             3  
380             661             694             1142             3  
381             612             738             1147             3  
382             558             790             1149             3  
383             510             837             1150             3  
384             468             877             1152             3  
385             425             918             1154             3  
386             398             941             1158             3  
387             360             975             1161             4  
388             328             1006             1162             4  
389             294             1034             1168             4  
390             271             1053             1172             4  
391             238             1081             1177             4  
392             214             1105             1177             4  
393             192             1127             1177             4  
394             170             1148             1178             4  
395             151             1166             1179             4  
396             134             1183             1179             4  
397             114             1203             1179             4  
398             100             1216             1180             4  
399             90             1222             1184             4  
400             80             1231             1185             4  
401             63             1246             1187             4  
402             56             1252             1188             4  
403             52             1255             1189             4  
404             48             1258             1190             4  
405             44             1262             1190             4  
406             44             1262             1190             4  
407             49             1256             1191             4  
408             52             1253             1191             4  
409             59             1246             1191             4  
410             61             1243             1192             4  
411             68             1236             1192             4  
412             78             1226             1192             4  
413             90             1214             1192             4  
414             99             1205             1192             4  
415             105             1199             1192             4  
416             116             1188             1192             4  
417             128             1176             1192             4  
418             148             1156             1192             4  
419             161             1142             1193             4  
420             173             1130             1193             4  
421             187             1116             1193             4  
422             201             1102             1193             4  
423             215             1087             1194             4  
424             230             1072             1194             4  
425             243             1059             1194             4  
426             260             1042             1194             4  
427             271             1031             1194             4  
428             285             1017             1194             4  
429             299             1003             1194             4  
430             320             982             1194             4  
431             337             965             1194             4  
432             343             959             1194             4  
433             355             947             1194             4  
434             361             940             1195             4  
435             373             928             1195             4  
436             384             917             1195             4  
437             392             909             1195             4  
438             400             900             1196             4  
439             399             901             1196             4  
440             407             892             1197             4  
441             413             885             1198             4  
442             428             870             1198             4  
443             435             863             1198             4  
444             439             858             1199             4  
445             447             850             1199             4  
446             443             851             1202             4  
447             438             856             1202             4  
448             444             849             1203             4  
449             442             850             1204             4  
450             448             842             1206             4  
451             453             837             1206             4  
452             460             830             1206             4  
453             466             823             1207             4  
454             469             819             1208             4  
455             467             821             1208             4  
456             467             821             1208             4  
457             466             820             1210             4  
458             471             815             1210             4  
459             482             804             1210             4  
460             482             804             1210             4  
461             489             797             1210             4  
462             501             785             1210             4  
463             512             774             1210             4  
464             516             770             1210             4  
465             528             757             1211             4  
466             530             753             1213             4  
467             533             750             1213             4  
468             536             746             1214             4  
469             554             728             1214             4  
470             558             724             1214             4  
471             566             716             1214             4  
472             570             709             1217             4  
473             570             709             1217             4  
474             574             705             1217             4  
475             579             699             1218             4  
476             590             687             1219             4  
477             595             682             1219             4  
478             595             682             1219             4  
479             611             666             1219             4  
480             614             663             1219             4  
481             617             660             1219             4  
482             628             647             1221             4  
483             640             634             1222             4  
484             646             628             1222             4  
485             654             619             1223             4  
486             664             608             1224             4  
487             672             600             1224             4  
488             676             594             1226             4  
489             681             588             1227             4  
490             685             583             1228             4  
491             691             576             1229             4  
492             695             572             1229             4  
493             698             569             1229             4  
494             707             559             1230             4  
495             719             547             1230             4  
496             728             538             1230             4  
497             744             521             1231             4  
498             747             517             1232             4  
499             754             510             1232             4  
500             767             496             1233             4  
501             772             491             1233             4  
502             777             486             1233             4  
503             779             484             1233             4  
504             779             482             1235             4  
505             786             474             1236             4  
506             791             468             1237             4  
507             799             460             1237             4  
508             800             459             1237             4  
509             808             449             1239             4  
510             814             443             1239             4  
511             821             436             1239             4  
512             818             439             1239             4  
513             824             433             1239             4  
514             824             433             1239             4  
515             829             427             1240             4  
516             825             431             1240             4  
517             826             430             1240             4  
518             822             434             1240             4  
519             824             432             1240             4  
520             825             431             1240             4  
521             829             427             1240             4  
522             832             424             1240             4  
523             840             416             1240             4  
524             838             417             1241             4  
525             828             427             1241             4  
526             824             431             1241             4  
527             824             431             1241             4  
528             822             433             1241             4  
529             822             432             1242             4  
530             821             433             1242             4  
531             814             440             1242             4  
532             814             439             1243             4  
533             818             435             1243             4  
534             809             442             1245             4  
535             812             438             1246             4  
536             811             439             1246             4  
537             805             443             1248             4  
538             808             440             1248             4  
539             806             441             1249             4  
540             804             443             1249             4  
541             798             448             1250             4  
542             794             451             1251             4  
543             794             449             1253             4  
544             792             451             1253             4  
545             783             459             1254             4  
546             776             465             1255             4  
547             779             462             1255             4  
548             778             463             1255             4  
549             772             469             1255             4  
550             767             474             1255             4  
551             767             472             1257             4  
552             763             475             1258             4  
553             755             483             1258             4  
554             752             486             1258             4  
555             750             486             1260             4  
556             742             493             1261             4  
557             741             494             1261             4  
558             728             506             1262             4  
559             726             508             1262             4  
560             722             512             1262             4  
561             712             519             1265             4  
562             710             519             1267             4  
563             707             521             1268             4  
564             699             528             1269             4  
565             702             523             1271             4  
566             695             529             1272             4  
567             699             524             1273             4  
568             690             530             1276             4  
569             697             523             1276             4  
570             691             529             1276             4  
571             691             529             1276             4  
572             690             530             1276             4  
573             689             531             1276             4  
574             684             536             1276             4  
575             681             537             1278             4  
576             682             536             1278             4  
577             680             537             1279             4  
578             674             541             1281             4  
579             670             544             1282             4  
580             670             543             1283             4  
581             664             547             1285             4  
582             658             552             1286             4  
583             659             550             1287             4  
584             660             549             1287             4  
585             654             555             1287             4  
586             656             553             1287             4  
587             651             556             1289             4  
588             647             560             1289             4  
589             646             561             1289             4  
590             643             564             1289             4  
591             633             573             1290             4  
592             629             576             1291             4  
593             627             578             1291             4  
594             624             581             1291             4  
595             617             587             1292             4  
596             617             586             1293             4  
597             612             590             1294             4  
598             607             595             1294             4  
599             604             598             1294             4  
600             592             609             1295             4  
601             584             616             1296             4  
602             572             628             1296             4  
603             569             631             1296             4  
604             567             633             1296             4  
605             566             633             1297             4  
606             559             640             1297             4  
607             548             651             1297             4  
608             548             650             1298             4  
609             540             658             1298             4  
610             533             663             1300             4  
611             530             664             1302             4  
612             525             669             1302             4  
613             520             673             1303             4  
614             527             666             1303             4  
615             526             667             1303             4  
616             521             671             1304             4  
617             521             671             1304             4  
618             519             672             1305             4  
619             510             681             1305             4  
620             510             681             1305             4  
621             512             677             1307             4  
622             512             676             1308             4  
623             509             679             1308             4  
624             513             674             1309             4  
625             513             674             1309             4  
626             514             672             1310             4  
627             514             672             1310             4  
628             510             674             1312             4  
629             512             672             1312             4  
630             506             678             1312             4  
631             504             679             1313             4  
632             499             684             1313             4  
633             495             686             1315             4  
634             493             687             1316             4  
635             490             690             1316             4  
636             481             697             1318             4  
637             475             702             1319             4  
638             475             702             1319             4  
639             475             702             1319             4  
640             474             701             1321             4  
641             468             707             1321             4  
642             467             706             1323             4  
643             474             698             1324             4  
644             472             700             1324             4  
645             474             696             1326             4  
646             480             690             1326             4  
647             478             692             1326             4  
648             477             693             1326             4  
649             484             686             1326             4  
650             489             681             1326             4  
651             488             682             1326             4  
652             478             691             1327             4  
653             480             688             1328             4  
654             480             688             1328             4  
655             487             681             1328             4  
656             486             680             1330             4  
657             486             680             1330             4  
658             485             680             1331             4  
659             483             681             1332             4  
660             485             679             1332             4  
661             487             677             1332             4  
662             484             678             1334             4  
663             482             680             1334             4  
664             484             678             1334             4  
665             487             675             1334             4  
666             483             676             1337             4  
667             483             676             1337             4  
668             482             677             1337             4  
669             483             675             1338             4  
670             482             676             1338             4  
671             480             678             1338             4  
672             483             675             1338             4  
673             494             663             1339             4  
674             497             660             1339             4  
675             501             656             1339             4  
676             507             648             1341             4  
677             510             645             1341             4  
678             507             648             1341             4  
679             508             647             1341             4  
680             514             641             1341             4  
681             516             638             1342             4  
682             522             631             1343             4  
683             524             629             1343             4  
684             526             627             1343             4  
685             523             630             1343             4  
686             518             635             1343             4  
687             512             638             1346             4  
688             518             632             1346             4  
689             515             635             1346             4  
690             516             634             1346             4  
691             516             634             1346             4  
692             515             634             1347             4  
693             513             635             1348             4  
694             508             639             1349             4  
695             504             643             1349             4  
696             507             640             1349             4  
697             509             638             1349             4  
698             509             636             1351             4  
699             509             636             1351             4  
700             507             638             1351             4  
701             507             637             1352             4  
702             503             640             1353             4  
703             505             638             1353             4  
704             499             642             1355             4  
705             499             640             1357             4  
706             501             637             1358             4  
707             498             638             1360             4  
708             490             646             1360             4  
709             483             653             1360             4  
710             483             652             1361             4  
711             487             648             1361             4  
712             479             655             1362             4  
713             479             655             1362             4  
714             478             654             1364             4  
715             471             661             1364             4  
716             472             660             1364             4  
717             478             654             1364             4  
718             485             647             1364             4  
719             495             637             1364             4  
720             496             636             1364             4  
721             489             641             1366             4  
722             491             638             1367             4  
723             496             633             1367             4  
724             497             631             1368             4  
725             500             628             1368             4  
726             499             628             1369             4  
727             503             624             1369             4  
728             510             617             1369             4  
729             517             610             1369             4  
730             521             606             1369             4  
731             527             599             1370             4  
732             525             601             1370             4  
733             527             597             1372             4  
734             527             597             1372             4  
735             521             602             1373             4  
736             521             602             1373             4  
737             527             596             1373             4  
738             528             595             1373             4  
739             527             595             1374             4  
740             529             593             1374             4  
741             534             588             1374             4  
742             537             585             1374             4  
743             544             578             1374             4  
744             549             573             1374             4  
745             550             572             1374             4  
746             546             575             1375             4  
747             550             571             1375             4  
748             553             566             1377             4  
749             558             560             1378             4  
750             562             555             1379             4  
751             568             549             1379             4  
752             577             540             1379             4  
753             575             539             1382             4  
754             577             536             1383             4  
755             581             531             1384             4  
756             584             527             1385             4  
757             584             527             1385             4  
758             586             525             1385             4  
759             589             521             1386             4  
760             587             522             1387             4  
761             592             517             1387             4  
762             592             516             1388             4  
763             593             515             1388             4  
764             594             514             1388             4  
765             589             517             1390             4  
766             596             509             1391             4  
767             592             512             1392             4  
768             589             514             1393             4  
769             585             516             1395             4  
770             580             520             1396             4  
771             578             522             1396             4  
772             576             524             1396             4  
773             575             524             1397             4  
774             572             527             1397             4  
775             571             527             1398             4  
776             573             523             1400             4  
777             565             530             1401             4  
778             563             531             1402             4  
779             570             524             1402             4  
780             578             516             1402             4  
781             574             519             1403             4  
782             574             519             1403             4  
783             580             513             1403             4  
784             579             513             1404             4  
785             581             511             1404             4  
786             579             513             1404             4  
787             577             514             1405             4  
788             574             515             1407             4  
789             573             515             1408             4  
790             569             518             1409             4  
791             566             521             1409             4  
792             566             521             1409             4  
793             565             520             1411             4  
794             570             514             1412             4  
795             571             513             1412             4  
796             563             519             1414             4  
797             560             522             1414             4  
798             559             523             1414             4  
799             561             519             1416             4  
800             554             526             1416             4  
801             558             522             1416             4  
802             561             519             1416             4  
803             563             517             1416             4  
804             564             516             1416             4  
805             567             513             1416             4  
806             572             507             1417             4  
807             572             506             1418             4  
808             570             507             1419             4  
809             568             508             1420             4  
810             566             510             1420             4  
811             572             504             1420             4  
812             574             501             1421             4  
813             574             501             1421             4  
814             578             495             1423             4  
815             573             500             1423             4  
816             575             498             1423             4  
817             581             491             1424             4  
818             579             491             1426             4  
819             575             495             1426             4  
820             571             499             1426             4  
821             571             498             1427             4  
822             565             503             1428             4  
823             560             508             1428             4  
824             564             503             1429             4  
825             566             501             1429             4  
826             569             497             1430             4  
827             572             494             1430             4  
828             576             490             1430             4  
829             580             486             1430             4  
830             580             485             1431             4  
831             581             484             1431             4  
832             575             490             1431             4  
833             579             485             1432             4  
834             580             484             1432             4  
835             584             479             1433             4  
836             585             478             1433             4  
837             586             476             1434             4  
838             590             471             1435             4  
839             582             476             1438             4  
840             585             472             1439             4  
841             583             471             1442             4  
842             581             473             1442             4  
843             579             475             1442             4  
844             579             475             1442             4  
845             569             483             1444             4  
846             573             479             1444             4  
847             575             477             1444             4  
848             578             473             1445             4  
849             577             474             1445             4  
850             577             474             1445             4  
851             568             482             1446             4  
852             572             477             1447             4  
853             571             478             1447             4  
854             569             478             1449             4  
855             580             467             1449             4  
856             575             472             1449             4  
857             575             471             1450             4  
858             574             472             1450             4  
859             579             467             1450             4  
860             590             456             1450             4  
861             584             462             1450             4  
862             589             456             1451             4  
863             591             453             1452             4  
864             584             458             1454             4  
865             583             458             1455             4  
866             580             461             1455             4  
867             582             459             1455             4  
868             579             462             1455             4  
869             574             466             1456             4  
870             570             470             1456             4  
871             567             472             1457             4  
872             573             466             1457             4  
873             573             465             1458             4  
874             575             463             1458             4  
875             572             466             1458             4  
876             574             463             1459             4  
877             581             456             1459             4  
878             573             463             1460             4  
879             576             459             1461             4  
880             569             465             1462             4  
881             562             471             1463             4  
882             564             469             1463             4  
883             557             476             1463             4  
884             552             481             1463             4  
885             552             480             1464             4  
886             554             478             1464             4  
887             547             485             1464             4  
888             543             488             1465             4  
889             531             498             1467             4  
890             529             500             1467             4  
891             529             498             1469             4  
892             525             501             1470             4  
893             519             505             1472             4  
894             518             506             1472             4  
895             511             513             1472             4  
896             508             515             1473             4  
897             512             510             1474             4  
898             504             518             1474             4  
899             500             522             1474             4  
900             500             522             1474             4  
901             498             522             1476             4  
902             489             530             1477             4  
903             490             529             1477             4  
904             486             530             1480             4  
905             479             537             1480             4  
906             477             539             1480             4  
907             474             542             1480             4  
908             472             543             1481             4  
909             463             550             1483             4  
910             460             553             1483             4  
911             453             560             1483             4  
912             455             558             1483             4  
913             449             562             1485             4  
914             446             565             1485             4  
915             441             568             1487             4  
916             440             568             1488             4  
917             437             571             1488             4  
918             428             577             1491             4  
919             431             574             1491             4  
920             432             573             1491             4  
921             430             574             1492             4  
922             423             580             1493             4  
923             422             581             1493             4  
924             418             585             1493             4  
925             413             588             1495             4  
926             410             591             1495             4  
927             408             591             1497             4  
928             405             591             1500             4  
929             406             590             1500             4  
930             408             588             1500             4  
931             405             590             1501             4  
932             405             590             1501             4  
933             399             595             1502             4  
934             396             598             1502             4  
935             394             600             1502             4  
936             397             597             1502             4  
937             397             596             1503             4  
938             403             590             1503             4  
939             404             589             1503             4  
940             401             590             1505             4  
941             411             580             1505             4  
942             413             577             1506             4  
943             411             579             1506             4  
944             415             574             1507             4  
945             410             578             1508             4  
946             415             573             1508             4  
947             418             570             1508             4  
948             422             566             1508             4  
949             432             554             1510             4  
950             444             542             1510             4  
951             444             540             1512             4  
952             436             548             1512             4  
953             438             545             1513             4  
954             435             547             1514             4  
955             433             549             1514             4  
956             437             545             1514             4  
957             441             541             1514             4  
958             434             547             1515             4  
959             432             549             1515             4  
960             427             554             1515             4  
961             420             561             1515             4  
962             420             560             1516             4  
963             428             552             1516             4  
964             424             555             1517             4  
965             427             552             1517             4  
966             435             544             1517             4  
967             441             538             1517             4  
968             436             542             1518             4  
969             441             537             1518             4  
970             441             537             1518             4  
971             441             537             1518             4  
972             448             530             1518             4  
973             448             530             1518             4  
974             456             521             1519             4  
975             461             515             1520             4  
976             462             514             1520             4  
977             460             516             1520             4  
978             459             515             1522             4  
979             459             515             1522             4  
980             458             516             1522             4  
981             458             516             1522             4  
982             461             513             1522             4  
983             463             511             1522             4  
984             462             512             1522             4  
985             468             506             1522             4  
986             466             507             1523             4  
987             458             514             1524             4  
988             459             513             1524             4  
989             458             513             1525             4  
990             463             508             1525             4  
991             464             506             1526             4  
992             460             509             1527             4  
993             456             511             1529             4  
994             446             520             1530             4  
995             448             517             1531             4  
996             449             515             1532             4  
997             447             516             1533             4  
998             449             513             1534             4  
999             452             510             1534             4  
1000             447             514             1535             4  
1001             451             510             1535             4  
1002             457             504             1535             4  
1003             455             506             1535             4  
1004             458             503             1535             4  
1005             459             502             1535             4  
1006             458             503             1535             4  
1007             458             502             1536             4  
1008             456             503             1537             4  
1009             461             498             1537             4  
1010             457             501             1538             4  
1011             459             498             1539             4  
1012             459             498             1539             4  
1013             459             498             1539             4  
1014             458             499             1539             4  
1015             465             492             1539             4  
1016             461             496             1539             4  
1017             471             486             1539             4  
1018             470             487             1539             4  
1019             469             488             1539             4  
1020             467             489             1540             4  
1021             461             495             1540             4  
1022             459             496             1541             4  
1023             454             500             1542             4  
1024             448             505             1543             4  
1025             447             505             1544             4  
1026             448             503             1545             4  
1027             448             503             1545             4  
1028             455             496             1545             4  
1029             450             501             1545             4  
1030             449             502             1545             4  
1031             446             505             1545             4  
1032             448             502             1546             4  
1033             449             501             1546             4  
1034             448             502             1546             4  
1035             451             499             1546             4  
1036             448             502             1546             4  
1037             452             498             1546             4  
1038             460             490             1546             4  
1039             458             491             1547             4  
1040             463             486             1547             4  
1041             463             485             1548             4  
1042             455             493             1548             4  
1043             460             488             1548             4  
1044             461             487             1548             4  
1045             465             483             1548             4  
1046             464             484             1548             4  
1047             467             481             1548             4  
1048             478             470             1548             4  
1049             475             472             1549             4  
1050             480             467             1549             4  
1051             484             463             1549             4  
1052             491             455             1550             4  
1053             495             451             1550             4  
1054             494             451             1551             4  
1055             492             453             1551             4  
1056             497             447             1552             4  
1057             504             439             1553             4  
1058             500             442             1554             4  
1059             498             444             1554             4  
1060             493             448             1555             4  
1061             493             446             1557             4  
1062             494             445             1557             4  
1063             500             439             1557             4  
1064             502             437             1557             4  
1065             507             432             1557             4  
1066             505             434             1557             4  
1067             507             432             1557             4  
1068             509             427             1560             4  
1069             513             423             1560             4  
1070             513             423             1560             4  
1071             514             422             1560             4  
1072             512             423             1561             4  
1073             512             422             1562             4  
1074             516             418             1562             4  
1075             517             416             1563             4  
1076             518             414             1564             4  
1077             516             415             1565             4  
1078             516             415             1565             4  
1079             517             414             1565             4  
1080             516             415             1565             4  
1081             516             415             1565             4  
1082             515             416             1565             4  
1083             514             417             1565             4  
1084             511             420             1565             4  
1085             516             415             1565             4  
1086             518             413             1565             4  
1087             519             412             1565             4  
1088             525             406             1565             4  
1089             522             408             1566             4  
1090             520             408             1568             4  
1091             518             409             1569             4  
1092             514             413             1569             4  
1093             510             417             1569             4  
1094             512             413             1571             4  
1095             516             409             1571             4  
1096             517             407             1572             4  
1097             519             405             1572             4  
1098             523             401             1572             4  
1099             521             402             1573             4  
1100             521             402             1573             4  
1101             517             405             1574             4  
1102             513             408             1575             4  
1103             515             405             1576             4  
1104             515             404             1577             4  
1105             516             403             1577             4  
1106             518             401             1577             4  
1107             523             396             1577             4  
1108             525             394             1577             4  
1109             527             390             1579             4  
1110             527             388             1581             4  
1111             530             384             1582             4  
1112             527             386             1583             4  
1113             526             386             1584             4  
1114             530             382             1584             4  
1115             526             386             1584             4  
1116             522             389             1585             4  
1117             526             385             1585             4  
1118             520             390             1586             4  
1119             518             391             1587             4  
1120             517             392             1587             4  
1121             520             389             1587             4  
1122             517             391             1588             4  
1123             513             394             1589             4  
1124             515             392             1589             4  
1125             519             388             1589             4  
1126             519             387             1590             4  
1127             524             382             1590             4  
1128             525             380             1591             4  
1129             529             373             1594             4  
1130             531             371             1594             4  
1131             536             366             1594             4  
1132             544             358             1594             4  
1133             547             355             1594             4  
1134             550             352             1594             4  
1135             555             347             1594             4  
1136             558             344             1594             4  
1137             565             337             1594             4  
1138             569             333             1594             4  
1139             577             325             1594             4  
1140             581             321             1594             4  
1141             592             310             1594             4  
1142             598             304             1594             4  
1143             602             300             1594             4  
1144             607             295             1594             4  
1145             610             292             1594             4  
1146             616             286             1594             4  
1147             619             283             1594             4  
1148             623             279             1594             4  
1149             633             269             1594             4  
1150             636             266             1594             4  
1151             639             263             1594             4  
1152             646             256             1594             4  
1153             650             252             1594             4  
1154             653             249             1594             4  
1155             658             244             1594             4  
1156             664             238             1594             4  
1157             668             234             1594             4  
1158             675             227             1594             4  
1159             681             221             1594             4  
1160             685             217             1594             4  
1161             688             214             1594             4  
1162             691             211             1594             4  
1163             698             204             1594             4  
1164             708             194             1594             4  
1165             713             189             1594             4  
1166             717             185             1594             4  
1167             719             183             1594             4  
1168             722             180             1594             4  
1169             726             176             1594             4  
1170             731             171             1594             4  
1171             736             166             1594             4  
1172             742             160             1594             4  
1173             747             155             1594             4  
1174             750             152             1594             4  
1175             751             151             1594             4  
1176             754             148             1594             4  
1177             754             148             1594             4  
1178             758             144             1594             4  
1179             764             138             1594             4  
1180             767             135             1594             4  
1181             772             130             1594             4  
1182             775             127             1594             4  
1183             777             125             1594             4  
1184             778             124             1594             4  
1185             785             117             1594             4  
1186             786             116             1594             4  
1187             789             113             1594             4  
1188             793             109             1594             4  
1189             797             105             1594             4  
1190             799             103             1594             4  
1191             804             98             1594             4  
1192             805             97             1594             4  
1193             807             95             1594             4  
1194             814             88             1594             4  
1195             820             82             1594             4  
1196             822             80             1594             4  
1197             823             79             1594             4  
1198             825             77             1594             4  
1199             829             73             1594             4  
1200             831             71             1594             4  
1201             833             69             1594             4  
1202             835             67             1594             4  
1203             836             66             1594             4  
1204             840             62             1594             4  
1205             842             60             1594             4  
1206             847             55             1594             4  
1207             849             53             1594             4  
1208             851             51             1594             4  
1209             852             50             1594             4  
1210             853             49             1594             4  
1211             856             46             1594             4  
1212             859             43             1594             4  
1213             860             42             1594             4  
1214             862             40             1594             4  
1215             863             39             1594             4  
1216             863             39             1594             4  
1217             863             39             1594             4  
1218             865             37             1594             4  
1219             865             37             1594             4  
1220             867             35             1594             4  
1221             869             33             1594             4  
1222             872             30             1594             4  
1223             873             29             1594             4  
1224             874             28             1594             4  
1225             874             28             1594             4  
1226             875             27             1594             4  
1227             876             26             1594             4  
1228             877             25             1594             4  
1229             879             23             1594             4  
1230             879             23             1594             4  
1231             880             22             1594             4  
1232             881             21             1594             4  
1233             881             21             1594             4  
1234             881             21             1594             4  
1235             881             21             1594             4  
1236             882             20             1594             4  
1237             884             18             1594             4  
1238             886             16             1594             4  
1239             886             16             1594             4  
1240             887             15             1594             4  
1241             888             14             1594             4  
1242             889             13             1594             4  
1243             890             12             1594             4  
1244             893             9             1594             4  
1245             894             8             1594             4  
1246             895             7             1594             4  
1247             895             7             1594             4  
1248             896             6             1594             4  
1249             896             6             1594             4  
1250             897             5             1594             4  
1251             898             4             1594             4  
1252             898             4             1594             4  
1253             899             3             1594             4  
1254             899             3             1594             4  
1255             899             3             1594             4  
1256             900             2             1594             4  
1257             900             2             1594             4  
1258             900             2             1594             4  
1259             901             1             1594             4  
1260             901             1             1594             4  
1261             902             0             1594             4  
1262             902             0             1594             4  
1263             902             0             1594             4  
1264             902             0             1594             4  
1265             902             0             1594             4  
1266             902             0             1594             4  
1267             902             0             1594             4  
1268             902             0             1594             4  
1269             902             0             1594             4  
1270             902             0             1594             4  
1271             902             0             1594             4  
1272             902             0             1594             4  
1273             902             0             1594             4  
1274             902             0             1594             4  
1275             902             0             1594             4  
1276             902             0             1594             4  
1277             902             0             1594             4  
1278             902             0             1594             4  
1279             902             0             1594             4  
1280             902             0             1594             4  
1281             902             0             1594             4  
1282             902             0             1594             4  
1283             902             0             1594             4  
1284             902             0             1594             4  
1285             902             0             1594             4  
1286             902             0             1594             4  
1287             902             0             1594             4  
1288             902             0             1594             4  
1289             902             0             1594             4  
1290             902             0             1594             4  
1291             902             0             1594             4  
1292             902             0             1594             4  
1293             902             0             1594             4  
1294             902             0             1594             4  
1295             902             0             1594             4  
1296             902             0             1594             4  
1297             902             0             1594             4  
1298             902             0             1594             4  
1299             902             0             1594             4  
1300             902             0             1594             4  
1301             902             0             1594             4  
1302             902             0             1594             4  
1303             902             0             1594             4  
1304             902             0             1594             4  
1305             902             0             1594             4  
1306             902             0             1594             4  
1307             902             0             1594             4  
1308             902             0             1594             4  
1309             902             0             1594             4  
1310             902             0             1594             4  
1311             902             0             1594             4  
1312             902             0             1594             4  
1313             902             0             1594             4  
1314             902             0             1594             4  
1315             902             0             1594             4  
1316             902             0             1594             4  
1317             902             0             1594             4  
1318             902             0             1594             4  
1319             902             0             1594             4  
1320             902             0             1594             4  
1321             902             0             1594             4  
1322             902             0             1594             4  
1323             902             0             1594             4  
1324             902             0             1594             4  
1325             902             0             1594             4  
1326             902             0             1594             4  
1327             902             0             1594             4  
1328             902             0             1594             4  
1329             902             0             1594             4  
1330             902             0             1594             4  
1331             902             0             1594             4  
1332             902             0             1594             4  
1333             902             0             1594             4  
1334             902             0             1594             4  
1335             902             0             1594             4  
1336             902             0             1594             4  
1337             902             0             1594             4  
1338             902             0             1594             4  
1339             902             0             1594             4  
1340             902             0             1594             4  
1341             902             0             1594             4  
1342             902             0             1594             4  
1343             902             0             1594             4  
1344             902             0             1594             4  
1345             902             0             1594             4  
1346             902             0             1594             4  
1347             902             0             1594             4  
1348             902             0             1594             4  
1349             902             0             1594             4  
1350             902             0             1594             4  
1351             902             0             1594             4  
1352             902             0             1594             4  
1353             902             0             1594             4  
1354             902             0             1594             4  
1355             902             0             1594             4  
1356             902             0             1594             4  
1357             902             0             1594             4  
1358             902             0             1594             4  
1359             902             0             1594             4  
1360             902             0             1594             4  
1361             902             0             1594             4  
1362             902             0             1594             4  
1363             902             0             1594             4  
1364             902             0             1594             4  
1365             902             0             1594             4  
1366             902             0             1594             4  
1367             902             0             1594             4  
1368             902             0             1594             4  
1369             902             0             1594             4  
1370             902             0             1594             4  
1371             902             0             1594             4  
1372             902             0             1594             4  
1373             902             0             1594             4  
1374             902             0             1594             4  
1375             902             0             1594             4  
1376             902             0             1594             4  
1377             902             0             1594             4  
1378             902             0             1594             4  
1379             902             0             1594             4  
1380             902             0             1594             4  
1381             902             0             1594             4  
1382             902             0             1594             4  
1383             902             0             1594             4  
1384             902             0             1594             4  
1385             902             0             1594             4  
1386             902             0             1594             4  
1387             902             0             1594             4  
1388             902             0             1594             4  
1389             902             0             1594             4  
1390             902             0             1594             4  
1391             902             0             1594             4  
1392             902             0             1594             4  
1393             902             0             1594             4  
1394             902             0             1594             4  
1395             902             0             1594             4  
1396             902             0             1594             4  
1397             902             0             1594             4  
1398             902             0             1594             4  
1399             902             0             1594             4  
1400             902             0             1594             4  
1401             902             0             1594             4  
1402             902             0             1594             4  
1403             902             0             1594             4  
1404             902             0             1594             4  
1405             902             0             1594             4  
1406             902             0             1594             4  
1407             902             0             1594             4  
1408             902             0             1594             4  
1409             902             0             1594             4  
1410             902             0             1594             4  
1411             902             0             1594             4  
1412             902             0             1594             4  
1413             902             0             1594             4  
1414             902             0             1594             4  
1415             902             0             1594             4  
1416             902             0             1594             4  
1417             902             0             1594             4  
1418             902             0             1594             4  
1419             902             0             1594             4  
1420             902             0             1594             4  
1421             902             0             1594             4  
1422             902             0             1594             4  
1423             902             0             1594             4  
1424             902             0             1594             4  
1425             902             0             1594             4  
1426             902             0             1594             4  
1427             902             0             1594             4  
1428             902             0             1594             4  
1429             902             0             1594             4  
1430             902             0             1594             4  
1431             902             0             1594             4  
1432             902             0             1594             4  
1433             902             0             1594             4  
1434             902             0             1594             4  
1435             902             0             1594             4  
1436             902             0             1594             4  
1437             902             0             1594             4  
1438             902             0             1594             4  
1439             902             0             1594             4  
1440             902             0             1594             4  
1441             902             0             1594             4  
1442             902             0             1594             4  
1443             902             0             1594             4  
1444             902             0             1594             4  
1445             902             0             1594             4  
1446             902             0             1594             4  
1447             902             0             1594             4  
1448             902             0             1594             4  
